645583
248201
966677
338279
878621
340063
424339
231589
490993
524287
727201
959363
234863
331301
258887
835531
227993
597131
159739
648041
448303
623401
256337
444527
766067
814211
737017
987599
447119
876619
342847
796531
592343
318161
400997
485201
123803
853033
447107
939203
125707
913571
701699
797029
113797
179657
597589
567031
347933
456581
122557
876971
898873
788701
421339
398323
336961
653749
278809
895283
749143
315521
681497
282827
956723
847031
156913
346277
171539
241993
471403
880343
362381
479957
404011
381977
428339
494737
898133
486377
862123
600983
996881
127997
314161
789851
481651
750977
284591
147263
109843
805711
255713
517747
225781
993611
464953
655727
697373
122207
658589
700277
928271
704017
784219
685337
354443
813749
225221
694789
800357
865771
121997
455227
165589
832973
370003
998197
749423
303547
694387
566537
746099
996881
976933
876013
765409
211681
545089
547577
189349
323251
521869
400753
643031
390739
802609
422749
314243
654371
823237
835759
668243
306121
243707
674719
716869
541007
651247
168899