260677
423707
493211
170213
601631
222289
141833
301933
750719
450677
703123
826603
356173
295871
667673
843377
574859
523681
855221
142193
918079
982403
398977
348833
794887
650567
805271
871393
534167
854159
591757
225089
369827
861857
794473
248861
616459
722273
970279
958667
576293
828757
129011
804281
588571
609421
716351
370103
492017
789377
961633
631157
489427
280703
816367
110261
147227
892097
720133
307481
925073
104827
823721
687683
496427
580859
643847
707789
852409
370091
355651
210803
350039
862261
165161
468109
332951
143387
117841
125497
287047
851113
989971
102101
574969
199721
260441
765587
176191
903677
257459
874343
842767
267431
621541
379571
203317
144349
333427
214631
498119
481409
440527
887093
968021
324329
928157
573031
395513
460051
293659
417371
538487
804943
252509
715237
751357
340129
254257
342179
960649
624737
392153
915049
276113
954409
170509
497177
872567
358607
282101
377851
189151
133387
303377
256057
683231
505067
460913
922729
500009
621799
465299
287821
498977
996301
267629
953443
298723