791447
251261
585467
257297
893933
207241
900937
826697
340027
351041
504817
712417
245771
225977
585337
209669
400481
165379
903607
645503
126613
922027
541889
851573
550337
534211
264643
699863
195967
427813
472669
802597
539897
964363
660053
598817
611927
398609
266281
622943
510989
910561
683299
659741
693757
808391
460409
679409
449473
632669
567187
667861
376099
972313
527507
916261
136189
994571
327059
652357
119921
648059
509393
574801
588877
314107
806761
761113
708667
454709
434179
695081
844289
239999
525397
347887
667351
149309
107243
534647
648259
222337
707957
811961
293729
174149
171467
533033
974159
901429
246611
329597
271463
608519
429413
145253
538921
131893
109481
573473
861907
116191
399173
524063
524057
771143
462547
386677
618859
193043
725891
669371
848629
562967
192853
288823
723221
929239
219763
387227
932683
138007
552113
109441
140659
911023
299137
710569
259907
957041
747941
554503
228587
579701
923371
632147
390191
349409
967999
411883
899537
525029
996953
545893
902281
460387
400949
750163
419147
281857