845863
663517
707797
532439
937801
939769
630169
957611
683483
963227
448997
896803
217517
106433
155371
309853
436739
615739
101027
511811
398693
866629
914161
485311
255019
739337
765047
971177
818473
742201
238109
377653
758237
991387
808261
923869
263933
361873
664211
774491
519509
542603
197969
713239
223103
577249
102079
418657
574627
274333
846749
583351
477739
705259
486797
973277
911773
105199
208393
123341
769597
157543
726463
904361
393541
671219
399793
995431
707467
962461
293717
303029
928331
346963
385831
715031
189493
558421
909331
671837
472859
142111
454483
900019
688979
953747
816443
404269
680327
883093
167249
554779
284153
325301
235901
823183
854923
753677
862919
258721
505709
197359
759467
294247
437263
201163
887291
764683
934069
489487
513371
754037
419449
283763
409237
272567
996109
953077
988483
608887
327071
747841
194749
678191
733351
678047
588293
261917
628183
249671
291217
371929
809141
535999
528263
273313
930289
475889
245771
994073
113909
437923
848707
159623
782891
621289
146381
611011
454921
236329