646687
429973
389797
740323
679823
361967
328621
365557
914189
840841
956273
961769
546031
377011
996329
846323
599713
310111
639959
178349
338839
848993
111827
963689
358747
584531
554803
941771
892609
622009
414571
945289
853703
864883
760531
903527
731389
797701
309433
407833
368597
878453
789653
968237
182167
359063
942653
495527
135089
690509
797287
289643
727249
730633
388897
820957
798887
276229
814937
409733
469993
119747
947483
691903
921523
554951
476401
649631
177383
691949
370561
469919
913739
922081
550939
274811
524831
839879
958627
866461
206047
590153
662843
965131
666139
999181
401347
509959
104623
970493
716741
423763
364103
218087
436841
653363
964213
904067
387137
749641
434921
980963
447233
167863
640963
523741
119057
400997
209233
159193
606587
464983
169933
454483
525809
494077
763513
770047
582737
552731
893999
989533
735283
152203
809563
407651
395897
707831
221471
917927
865379
307337
454039
952829
896617
676751
497269
350003
129313
284681
437819
969719
941011
953551
268493
430081
479861
363373
360323