915365
531990
994802
791447
762038
224185
226335
306101
303207
511816
327697
889517
539266
755794
978825
273978
839596
602194
754686
169042
228599
980278
368499
251261
320757
667144
585467
405729
519484
947800
394207
415393
863770
380367
120055
512358
561928
617499
643264
601592
572456
687001
671220
257297
362756
401452
167265
893933
218438
623840
638420
207241
761031
900937
347267
476435
527649
626736
961730
859326
317660
825549
494994
392168
715430
342198
691771
403039
556792
344085
653389
253827
584508
702576
500378
512946
713648
407524
826697
336844
115000
775494
901691
433962
122385
776049
709371
176206
572953
801177
992154
864220
734211
843084
432757
106157
777227
759430
204268
251352
413700
576471
577986
501925
153479
774348
647877
976261
781437
724256
444773
312717
586271
125518
820534
926737
340027
927514
123708
278256
258466
945970
315337
799763
351041
410432
504817
437348
380509
949168
712417
373448
160728
289754
245771
426356
827229
353229
725533
505684
963771
196146
563791
355894
138585
959917
965992
225977
846416
851476
899157
376554
987434
585337
997642
395902
352208
687388
301163
970064
195095
993968
568083
835697
945666
199775
680878
264988
366933
829480
209669
772093
177314
621498
416592
294818
435082
991021
335767
400481
325363
551796
559174
599976
680884
586119
263815
332299
373680
924516
368987
662791
515145
399747
760233
754564
610547
165379
504961
889788
706726
932898
552832
765695
761605
469986
491488
724568
814752
860962
134577
894543
329760
903607
277745
645503
147663
947107
287308
146872
927719
186786
414113
896348
715997
727377
241875
490006
998974
257370
126613
120382
535983
976975
922027
533592
725621
586330
575725
564428
974543
729932
891858
744190
685330
872063
593534
826898
124825
961940
959741
775374
582566
705889
327084
166019
646861
773785
461135
541889
490725
851573
630739
317228
243972
164779
336308
714940
289266
410428
698651
421785
544247
718471
305046
326630
745669
389060
681783
617631
542242
550337
457788
766634
822246
399876
727690
690618
710534
828590
149542
150792
886083
801427
116172
368618
290572
705618
150750
563370
253532
806487
972394
432486
534211
218232
931234
362227
356356
264643
904672
501998
236211
321805
136701
774288
459952
699863
547608
572953
515836
254125
849722
951186
488794
981615
801536
760648
196374
880744
442985
238036
320162
396271
189585
274288
421143
313022
577309
178767
274335
729045
677562
195171
340611
266481
407593
713418
604945
580846
748059
634356
750488
831160
205053
554452
311891
195967
126808
127492
426851
656532
131384
639912
809064
208392
917509
838533
935832
519008
641252
972417
427813
344407
691331
204722
914162
927157
968628
472669
887534
802597
250167
671179
800341
284137
430580
192560
852005
667733
760538
694517
128332
177119
564963
692741
688177
808840
761793
732282
539897
539820
150235
964363
834391
875992
585361
561096
660053
977945
154434
521636
921790
455251
476314
598817
360361
260067
613378
367300
611927
443534
626819
213932
398609
163547
752128
589654
353609
641275
450159
148269
871802
102106
653988
433804
118442
349565
886374
793991
594588
498186
109999
681822
896792
266281
640050
896188
900137
366413
755114
530611
889985
953897
801406
401677
154396
609282
319548
430104
704404
724359
910409
627620
554580
878306
978671
184603
850154
721153
273389
900877
286681
909696
568608
859474
302662
148354
964191
237078
192606
880395
268614
296063
444717
879557
132029
558359
181712
815021
543279
855637
709978
548127
952307
598282
814146
932726
859700
953144
235408
565160
622943
510989
189488
199698
828750
962274
354428
627347
908964
786715
995753
910561
924263
392903
805857
303069
796725
531773
305077
610425
519313
494658
296592
841012
515842
487141
818597
116508
979869
683299
915174
784768
712912
911136
506666
564110
854002
315310
976769
583067
272134
818374
956459
740246
582004
903147
245680
727134
385025
989871
659741
693757
644386
935499
145457
108327
971422
910169
759097
808391
334821
423426
642061
736488
958974
905028
294763
511054
601659
702204
882837
449588
677434
331164
219774
217883
154041
434720
959973
820544
291645
681756
224584
603266
440836
827044
460409
460467
407375
973349
739617
529459
679409
324408
552139
275128
600381
794570
449473
944001
632669
567187
556722
882728
742841
743107
661890
737886
840314
429444
151017
494261
208206
250457
412269
103863
114313
970910
554832
501154
874713
141462
987260
209370
539013
667861
839718
580095
339593
300371
905904
565810
961142
364330
811295
255114
866565
912804
911345
168827
743309
414229
203719
242750
376099
877779
748813
655945
266358
609939
834024
372072
873939
563961
249156
785578
179270
172660
465824
320854
578314
755830
750184
552438
829409
775428
194464
181364
333578
409146
344210
598326
123804
148757
195612
439067
740174
634600
598445
298475
642914
985193
335630
431474
479621
767468
247469
533559
601321
721585
972313
725481
106548
308643
771241
527507
260658
374523
650032
442244
547259
793971
573271
110525
167500
294904
227183
253406
510758
117284
916261
445216
335617
523859
309827
265492
384566
791626
453041
399883
808618
136189
989585
897546
157572
994571
813229
799527
134799
327059
652357
185465
751059
846891
821278
439655
861509
708430
421770
930932
642400
119921
303603
831278
111506
636744
708296
516317
980039
878332
643304
417244
361699
532118
103491
482190
358855
871483
519906
641978
937786
562743
691890
989895
648059
394276
218416
417822
509393
233006
213071
551126
877831
183548
255793
220829
764042
904266
512905
192632
513145
166205
693400
127699
195054
666215
408683
718323
115731
259720
194285
621588
640977
397264
604988
867213
809159
574801
601282
628084
728855
588877
721215
314107
917175
607430
628822
104397
579227
806761
719706
673367
428506
844661
966277
798653
252382
971992
342769
811435
630310
761113
279741
981079
943270
312985
974687
390686
665322
805797
949169
921015
833700
346040
683992
819537
828533
740299
596373
823270
730998
135688
626789
823066
361686
788667
848220
622077
890150
137994
868815
629824
869107
641359
579094
465189
958285
560352
708667
714937
181651
629991
575288
512266
589264
791076
834529
160295
186105
208887
391816
202984
113943
290587
883444
254317
111171
885569
219777
306981
502173
189732
454709
967617
480334
658340
253259
313523
174456
302578
395424
724368
629372
416010
280368
799655
900809
480366
820843
171578
299573
192158
937258
578795
417408
247165
709019
872172
157487
516950
360920
491218
322461
308399
539691
744175
368240
961576
992376
964828
827264
434179
695081
525598
590671
552879
301330
396243
806523
390508
425081
632092
690252
386348
899600
180365
970779
122495
294935
651057
844289
390689
247188
534539
163202
408742
135844
940198
312457
641078
225757
239999
443276
301090
892926
168015
601912
874498
544028
415709
993116
285381
166992
268002
553958
244461
525397
309682
269310
804307
349304
926749
964984
807686
101421
639033
459789
612116
404301
241376
873329
838527
599881
527414
503433
943623
572241
720919
343064
105668
697274
633963
844579
945866
375148
486665
236454
795512
439249
818169
777924
854831
565490
573214
189383
261809
347887
879180
308353
953759
339406
653756
837446
465984
198030
784963
694803
373814
469143
172405
586334
158257
692972
783678
534893
793490
609094
168636
995590
753840
809185
373358
607978
999590
286814
667351
460144
798021
586680
122513
459187
589254
149309
426030
581632
455278
589823
622013
872762
408392
309360
135194
174239
826222
107243
263328
254470
628711
190427
335014
522266
833438
833938
685600
280193
575161
336590
196520
534647
652458
229130
392216
928999
175146
466174
640798
648259
221674
430675
688061
946225
849329
122498
914793
981565
250830
792659
679778
429603
184401
708492
468792
222337
514044
606654
901314
959545
237454
703683
421908
643473
369047
911679
494543
456686
692508
614690
857774
239939
735628
707957
969052
733120
212355
179195
644212
739979
317056
166313
510667
506595
336017
545217
691550
930747
624014
845454
851865
952384
836601
190100
412406
542968
443174
265840
828632
546121
799243
820350
354570
932994
811961
535502
824332
524718
513486
872982
804528
452761
230286
861900
949096
293729
898339
313898
292744
956647
768160
132745
555183
704972
588209
135155
480477
280157
134266
628091
174149
749697
534917
883914
627920
202628
117248
556072
845910
268472
854825
791259
176586
476258
342884
590681
901860
137380
196973
493179
171467
911236
978610
141282
528571
971457
591662
752092
533033
288365
135343
974159
378345
132120
142983
618771
923354
257322
723280
225716
901429
745945
571226
933095
495695
176085
403082
776985
889262
992624
777578
225991
628284
594017
165292
595477
349873
586762
112161
632016
315035
871946
357020
417413
769928
279398
356930
461060
117360
661110
654300
246611
237308
901406
520052
756699
237693
227162
221983
875404
273191
123836
238038
515232
882388
875277
329597
644012
662573
689359
517405
476848
239609
271463
608519
715351
277563
722812
873593
548141
429413
145253
123772
578375
356006
848796
538921
219626
867273
710714
410712
706165
770773
717768
682387
121669
527528
733054
859126
669139
131893
214264
977352
878121
212030
109481
854325
722866
391394
153687
478755
381224
772613
845645
686813
494134
113407
648066
618182
448614
537938
655065
948003
573473
774443
742716
453349
701458
677610
900706
736306
236114
939096
861907
134944
977779
253406
972686
565496
260822
323266
980870
138709
221656
501629
235582
565191
674327
557241
324354
231619
227351
827887
919990
996704
322316
219835
201001
753713
384607
552036
946729
376754
117584
190597
942760
497544
872819
792732
634622
116191
205761
923931
717699
141227
345018
681134
870669
648510
245730
611889
197442
523078
720286
362726
697763
779181
233214
975795
986427
409836
399173
524063
802388
203066
911577
699353
367013
198279
869913
524057
771143
552273
462547
804176
386677
838959
143117
734542
618859
843074
447790
979838
193043
399015
725891
669371
156246
382175
823627
369380
898622
962775
740842
832735
482808
384233
659190
234342
684341
848629
720063
926268
618194
562967
477535
458880
338878
192853
362349
269437
590675
186941
994715
616593
355478
522907
626514
256362
288823
432289
128768
741450
619799
307552
380243
437834
137664
723221
366765
462048
929239
458717
341295
387271
342194
604255
125530
938589
191527
344010
512852
140051
557529
730627
190796
692758
391050
661640
984965
875241
530212
552440
473208
649014
340710
810369
877756
848498
693005
143390
219763
290913
142324
942214
698367
915120
925600
768085
387227
958842
932683
966800
387876
659654
883222
447734
563531
732130
963802
304575
138007
868259
609748
270853
829663
552113
109441
389576
544686
463731
968371
629486
806955
730542
834432
232380
140659
809057
341086
911023
639334
555676
239707
338562
345429
299137
982385
894551
602739
759610
760332
935462
919276
793371
381060
613640
751758
710569
115667
246910
183164
834072
376132
687795
625961
259907
688486
138670
636882
530473
857858
464642
583064
196125
229439
580917
771693
957041
331816
375048
578472
280230
171691
846418
176211
187137
832612
231718
747941
330829
639449
312604
290442
709694
116899
554503
603184
922393
310876
584770
160000
592572
972349
371572
228587
801644
135920
763204
397775
853648
108714
616401
520029
872897
801076
964683
116434
361902
238947
376739
878842
629714
335846
474976
865773
663036
169408
323256
579701
791815
923371
481288
990929
344815
372568
517175
461598
457831
632147
563518
398934
172488
575790
290032
647242
390191
267331
464049
349409
608003
829943
419315
652574
710139
367604
111358
998980
390618
797583
377598
827037
514138
271285
171454
796554
967999
358821
536125
175472
965870
411883
899537
983387
878506
525029
315874
928032
215011
750076
294185
525858
944815
456170
746494
290070
857279
319300
803860
907612
869749
875597
232076
761716
657813
675902
782646
532087
839712
101362
430594
468808
996953
140847
804701
825514
671113
378887
545893
276784
285672
574336
225934
273182
989350
494785
937011
906406
903229
202122
261138
902281
106369
248892
687996
888610
505318
460387
521672
966334
347269
392609
771225
400949
605581
300406
992055
160430
953220
678359
344137
424235
747491
524752
802556
152040
750163
978487
271356
671653
550415
228838
639240
675194
990056
235178
332884
944031
602418
664097
362452
124233
513133
527970
419147
430113
677748
263170
545721
443649
989338
645101
509993
210775
469570
414266
668268
355242
927561
683802
281857
830330
845863
681188
945317
238101
626241
564283
206902
397515
158287
932136
260371
425484
840906
622001
522965
468902
515690
639755
499657
401021
858967
701949
272122
510832
635476
604149
663517
700165
761759
664314
243612
904799
250633
919432
760646
981752
547534
398946
125348
679854
468075
222652
943761
200194
818622
619416
111656
924675
456097
383234
707797
844202
532439
602840
763735
937801
957146
421270
563765
990908
375066
265594
404617
999353
178905
323219
115505
422308
805629
152502
821084
919960
263278
639355
466550
343733
604461
760886
816259
950577
768692
936306
178847
858635
719334
374769
934256
920014
654060
966949
451188
777550
855160
131194
271010
516064
694902
635030
295616
538258
504437
801541
686198
172502
519786
951257
596620
563238
812544
824580
143151
613234
741208
635357
179726
402142
586513
290425
207441
939769
139271
700157
407455
648548
834224
980387
850846
861090
150207
283754
920425
922709
517787
923352
644541
900198
985245
638823
969068
823640
630169
723255
325959
133063
638056
736557
778424
630432
515129
886329
332718
351595
916925
384562
537016
460600
905544
747425
301959
829092
547409
750581
182318
305601
920014
339690
898839
223661
520749
332410
696589
149114
762587
198755
441498
635486
398688
731760
393219
462982
109028
377643
407046
957611
283419
578751
703850
972032
860937
715659
714995
958485
683483
311097
521818
255714
180334
578828
650881
818306
409156
963227
995630
941278
539308
746988
787887
925634
775178
710797
714167
890093
702262
145335
454495
448997
253872
740302
119414
842816
403760
104519
484110
783223
742197
133869
413828
654057
620341
470961
896803
125974
473380
220316
137951
918297
793582
648159
792472
565279
226124
318652
149353
487902
424286
217517
942652
618897
912285
948244
162985
129576
753043
841148
169597
393034
554444
815828
105296
106433
732405
279527
155371
368713
538934
883003
337906
557511
568030
894807
309853
226393
650474
812509
776594
501746
877110
727840
176008
493344
854379
160652
560562
436739
471000
615739
344336
417136
247727
858815
843582
660239
550018
190209
901377
983754
789929
530244
101027
370496
572724
511811
176575
464869
951278
477656
830113
614080
768449
198645
755392
493841
533775
398693
693747
588171
866629
813166
780164
836779
651775
285494
982719
885399
248715
627445
899516
994844
210152
914161
565697
798283
295307
595756
563552
585979
210015
701508
714692
383082
683644
236090
491880
859663
761493
146554
996029
655226
189485
283686
803218
695508
110908
485311
715837
865648
877102
537854
261738
329980
255019
445942
319341
244288
902816
569296
984465
911209
716356
607045
753479
624036
840495
895135
261665
627777
721942
251224
739337
796076
765047
717081
391080
386857
921270
834775
873250
222774
692469
460790
466036
799844
932770
488389
299272
853089
100427
906621
803112
439001
295175
269604
379425
569186
842101
820461
971177
857005
446084
923251
818473
804684
871330
295158
282160
208408
482780
112280
880462
716802
499923
659717
167552
117662
134615
363018
464177
772075
742201
233284
412414
412101
886105
195045
587956
238109
143754
142805
264080
117274
657686
662520
990691
247116
256002
989709
898368
431516
638680
626933
798177
550867
272980
992783
709644
634579
423038
935776
499741
377653
410828
474827
245308
643161
252221
535444
425091
258330
551696
276316
875364
214252
653509
542740
852421
262979
241439
997038
235272
241352
541617
372651
843476
758237
400328
199178
962604
822442
430942
151003
999640
751385
975756
343490
452990
704788
807773
915985
608528
411429
663113
504717
267730
890425
313458
972042
870435
935536
130085
446515
563450
390556
987336
991362
988875
626883
991387
226898
973108
298226
510757
362460
645731
426579
329170
545366
635238
266207
969733
712038
296065
781090
324590
468674
808261
368454
136391
644528
653779
698819
758822
335644
527797
967582
939849
212308
773784
951733
426991
287930
530668
124767
194056
583056
386473
238725
393213
983223
113464
498323
923869
818555
608345
491405
757016
122499
991972
539717
535105
937634
774999
398496
377656
915628
604340
953100
704845
879111
416516
429977
481172
595395
275232
478889
706021
695505
756219
391933
219845
586061
358169
358314
255910
774668
227637
601389
862454
682382
451370
353456
283942
202383
523510
502388
656637
223109
351839
498351
564719
702791
263933
144433
722623
206948
574347
185218
640239
788890
477965
589308
683250
641217
405246
410240
529822
395464
548701
220035
246328
286476
503956
632668
515099
853230
942300
270639
388091
604970
114533
646269
985603
821730
308953
322934
334710
167960
161506
704860
806619
571807
152728
790298
361873
664211
804116
680965
487240
223828
769142
491678
731886
774491
483766
271941
519509
608267
682784
961828
635226
556564
571362
548436
469015
873094
797338
555435
895014
569733
529397
283825
495060
879105
948778
592137
542603
299516
789978
614157
617271
248103
303027
296053
663715
964907
799165
554045
380273
157116
116800
197969
141524
469051
542697
854471
712382
251807
426228
181369
264400
911058
377448
320594
713239
185083
131580
487008
256936
535745
556596
543708
366356
223103
794979
363230
367383
509475
563872
375355
527913
852065
816984
192501
119882
835027
439516
943117
799955
461523
887551
577249
102079
469103
856992
493456
205978
398300
307229
370220
608810
418657
574627
967152
380912
576650
628011
466197
629366
496140
473405
724675
766662
101793
523859
171063
333392
271299
863703
274333
885489
809548
837437
846749
609053
518121
414279
216440
814347
737200
583351
812074
890567
808906
477739
647358
944956
490498
456448
705259
603031
178233
445687
396803
383380
972539
171915
706235
585506
227774
361749
737038
271103
609711
252174
124293
658559
244852
486797
461947
896320
353045
485837
609597
725762
572100
783005
624421
454783
210058
845080
579970
966963
236082
713359
169054
973277
911773
758093
122551
338152
394159
578661
100754
915436
519182
203487
525305
887910
674519
105199
707214
164405
209168
800749
141354
628820
986882
834054
618930
210944
999454
667231
385204
967211
570211
127124
927360
320203
399329
740658
140050
605546
950635
912732
208393
167059
689312
123341
816054
180309
946055
810317
844939
941375
769597
703946
744246
795610
518614
157543
226426
935661
591030
669400
215305
615766
602346
881668
401086
979531
175501
726463
420797
716915
692244
445965
155511
350417
470598
737908
171408
132656
753288
397507
802929
170121
408874
220073
100908
196134
154289
794651
180596
232336
904361
449530
553989
579233
393541
286465
225956
354823
147534
383896
963120
715371
875906
234307
767856
556953
806652
595976
982600
460464
239562
967808
812582
788097
671219
618015
628597
130084
224575
687297
228408
530250
876973
123330
905849
465863
586928
998570
281619
633397
734413
952466
502302
579397
333999
723755
615011
430864
798655
688824
368879
667872
892405
603756
399793
995431
861583
854016
454410
707467
407585
275480
238812
124252
896300
253210
760109
462587
463460
589863
161775
251319
588543
465430
195603
920611
962461
835621
264646
864445
971107
741717
301298
293717
486083
961004
969430
626279
667008
162813
524277
137894
415952
645365
350882
312811
287301
648703
617352
693862
272429
457060
799244
303029
429418
422237
928331
544066
528958
111911
857443
346963
713631
854496
265533
684186
663249
725659
182793
385831
637645
715031
725662
518736
743243
687822
151360
644877
541230
553094
587862
302059
714224
848823
411902
876178
977817
718125
616109
961702
672374
409368
138189
650365
761785
156730
348165
249185
228764
611831
323133
189687
928900
794626
871254
345897
656442
549791
217250
206095
615008
302763
189493
907093
284037
858753
415751
558421
517341
863489
592224
724142
771108
364191
909331
299130
671837
130853
254286
809446
369294
964724
444297
530718
472859
977488
142111
766601
655969
430528
912728
771820
661635
454483
900019
983807
782050
633409
338419
688979
435737
970552
445994
178012
910129
343741
943005
769953
884602
865844
938410
523064
670515
953747
607562
551262
816443
824468
886476
553267
418338
773525
629398
956309
867963
142634
711079
130797
844498
689405
568216
789211
725481
404269
530128
825194
782382
151515
402240
688382
939882
707976
680327
166972
883093
457996
736036
990044
424614
324653
534980
841095
107667
616699
616732
167249
211813
368374
185837
740540
276425
824508
973091
554676
758601
724542
365264
554779
526488
803020
622680
152159
847267
284153
229684
644446
786057
589736
703242
122426
754210
406882
134314
886142
154151
418356
325301
419393
761224
366766
615121
167889
302709
630249
611222
803555
882128
727329
819914
365280
381369
235901
823183
274063
541802
420023
582765
594966
765458
664677
775803
963304
843170
392810
387599
877176
813259
531135
450014
575839
105431
194359
825069
102986
658536
395400
191038
854923
733720
152300
349902
693258
281384
461794
348623
867310
390227
356550
318928
763454
536424
343833
440224
753677
472953
164892
834460
950425
100812
275158
889736
995884
280421
597088
862919
936045
322688
695836
922894
160778
606129
573895
957533
258721
777642
176224
791896
323476
693925
909046
130327
462685
876113
347503
605307
505709
369749
983726
642713
202962
197359
198523
857565
750474
290902
242436
501791
230796
663444
337154
673171
474221
755931
854335
218293
606084
631199
788142
454784
296091
949449
291097
940062
428479
328436
754658
410943
901251
361864
479492
246788
996010
915710
578557
101941
143306
867881
598716
680241
922818
759467
885022
309968
725832
285744
598150
533427
294247
751270
175356
695205
116233
114339
437263
131368
745937
351694
787462
201163
174015
348495
267532
674073
532958
425940
487629
793989
640876
397460
994473
960036
535161
698953
915962
745320
213868
367020
457080
938718
368230
603666
324398
472512
652183
576417
408082
887291
619594
719270
606917
764683
105495
468105
759219
956278
659021
233735
648906
330883
655329
934069
377330
586109
768630
444226
192285
211962
854411
907384
641063
182558
489487
888460
282865
937142
537123
671433
821110
353622
778296
513371
176576
804212
145530
375676
565169
542858
721108
721955
434430
951501
188433
169212
887620
184206
754037
130540
178850
547066
686663
724711
970674
653609
784828
603929
825291
485228
483561
543199
554863
360350
699876
513349
938938
108254
196445
795630
281418
423498
310687
864068
197670
760978
290607
882334
198603
613008
213298
677489
593622
452848
126217
542112
721693
836671
295545
509978
212920
669997
419449
512421
256585
886016
317152
924823
388955
404218
526893
430974
429133
355500
127488
574005
180089
265704
555137
483485
129827
723023
493843
140828
709704
304041
517783
942092
616234
848025
277770
167877
878887
260285
267149
283763
749705
484663
312254
727592
888679
518354
521540
503087
892917
908599
487745
409237
821953
553334
283459
918448
504595
489714
582358
438939
163289
744608
117893
850604
158910
493952
294663
496695
210754
905729
766529
272567
356814
127147
185152
117759
269407
746526
606388
165307
545638
696415
821356
157710
625601
429829
934657
320451
976072
518797
426804
494026
539801
372280
601109
266676
278049
917567
434645
755616
568786
973322
463010
472616
644614
683374
996109
578836
953077
560735
586402
693221
121668
683987
859008
802927
619041
848649
988483
599029
342954
350821
169799
378015
307383
237083
688936
789745
183866
672620
600353
977612
807673
980011
108911
627339
720686
284728
920843
608887
342302
151090
341828
202233
921661
110844
743398
421372
507350
307924
542173
369400
824769
282490
974280
862881
571757
810598
404536
145023
944197
340214
392185
563585
327071
734413
464752
533056
117849
578262
665135
122371
920924
781297
959241
815910
451778
588870
339944
205249
770030
344594
844113
483414
541503
398572
747841
403370
778288
450145
631432
162443
499877
392290
776549
622021
935845
342524
553397
303412
614187
194749
352277
683535
277107
470281
507351
722116
387060
148769
424127
781255
678191
733351
678047
559757
620554
637897
348696
248696
190177
988760
423483
588293
298417
200865
829088
869122
257888
949940
261917
471661
108960
898476
939238
902306
602620
647156
905437
383747
747292
549781
628183
487798
110839
178065
180243
850562
438264
212722
657204
957979
825237
299904
615866
575274
682410
374765
209529
226588
163255
237112
625761
992788
832755
934340
234152
620450
209932
800563
231238
931089
230672
786671
668485
399784
604691
252544
547936
453533
560898
249671
145730
291217
112666
415946
451452
631591
371929
293432
373248
499344
845817
747279
314586
815157
509045
481398
276399
157944
286676
269458
815885
721776
531144
152708
961678
633536
175994
349360
548880
809141
305685
445376
141792
766074
237340
976361
521454
331548
535999
629800
130986
534219
417809
583877
371297
743165
101970
280384
763557
528263
895106
672594
689260
466852
468924
183013
575641
128225
924429
737026
970968
469874
400855
905116
898722
273313
942972
510690
213167
772371
671397
391042
772869
532613
577232
641587
698376
754309
890069
395845
792666
503038
293947
491809
240446
591261
445824
122395
588475
501304
791424
930289
552309
947888
182878
475889
105764
536744
664930
667391
546134
261298
245771
628896
711664
105718
994073
232069
986153
310014
521564
934471
450415
982705
690779
272797
118930
147882
310217
113909
257225
476316
932437
348568
887055
544789
905742
437923
931410
286631
176309
940182
644660
737112
103339
104496
387152
489350
386449
555130
986783
201387
529794
753574
966895
196586
581147
186369
734699
136060
848707
250402
830082
873377
378188
143995
104390
666854
380140
267362
281014
725309
278988
654633
402209
265156
159623
542863
170114
104016
996207
659354
398270
782891
728766
387067
411505
707106
181319
307557
360726
409621
621289
736806
539670
423694
278007
863308
593669
942996
749362
133234
604660
902936
812843
947314
145130
490280
838598
927222
404867
581450
938828
146381
562167
370765
611011
385294
250144
145272
288980
827029
855831
651871
892331
695227
571061
493725
114435
906836
182607
958789
368312
299394
920285
212757
153029
638877
186492
454921
109926
261820
127847
461181
739930
343265
237342
700858
236329
178306
735683
684782
617400
658011
229210
172067
256698
206160
952211
468326
803665
160307
158513
327232
392147
464314
290303
660256
645583
583774
332789
741614
783240
339847
314669
248201
439476
261306
575155
966677
614783
676451
473622
763244
644419
409764
324678
877424
276733
635928
449265
746260
144892
547345
507124
992257
852988
244449
926409
718449
176967
740750
894467
595830
395292
714808
753934
544811
812484
845736
316816
333912
400767
338279
917559
939693
542707
868217
171304
177403
435152
212824
479651
885148
878621
340063
825940
735870
793682
162757
172268
294652
413432
496324
576063
708278
213993
710025
943496
293084
821254
172789
229920
654381
101178
616398
779877
623793
991639
416428
734961
460464
397011
408586
757636
704798
315140
669486
241734
538062
642401
685209
424339
383486
238486
940891
703856
546385
180003
105698
403488
695460
676956
358449
903013
549018
445180
946906
430037
506945
568641
116244
963684
902888
794302
497477
532341
132878
231589
345624
959318
818551
946711
158772
788669
662193
851708
472880
994301
492746
797288
504834
558570
560015
846538
989522
462212
437510
822736
490993
277985
524287
578062
916098
592510
462288
627868
727201
959363
661960
664306
738940
978680
484148
857312
858960
678574
320340
668321
265764
804251
207219
131568
848442
234863
554160
350890
331301
299355
709906
453255
487553
709181
939570
649765
698198
258887
422033
566316
417484
548653
311543
700872
157380
305064
281024
889476
790958
159363
896805
797753
502677
790069
646712
839747
944157
667525
835531
730346
464958
702166
942321
727118
326291
906393
803372
751628
512226
288285
622216
982750
645808
646814
434632
787463
862004
227993
624618
459175
646486
173176
157963
768211
437260
670492
111028
338718
206629
101371
492250
501888
230835
722552
214340
571197
615547
417214
703879
465963
338492
776338
702804
597131
467843
159739
712688
637552
486656
655411
966345
687625
453580
558134
241340
721070
905313
900568
193585
371716
904262
229546
237804
161736
138759
411976
161178
123609
875124
315297
742756
467407
954535
292818
836494
369168
380094
423476
671844
470458
819053
824435
189419
463438
933983
648041
532617
588557
697451
416712
448303
536696
493830
327610
207961
860611
623401
861387
513226
256337
255035
444527
766067
786672
611054
280236
630336
402092
549627
140442
505640
851427
514762
668178
686184
599228
234095
814211
319263
384869
598425
959536
449060
771336
881050
737017
473583
372644
890344
543772
315940
679667
677298
128850
368561
104019
251864
428740
975307
849778
855133
989267
142739
520708
236010
509617
723256
887951
460485
579919
607781
442416
654914
803489
987599
310434
830880
323926
112430
735349
340020
279216
522334
232749
683742
552140
496610
208298
300340
353282
434055
447119
605336
767036
158490
611913
938588
213052
394621
876619
220812
654408
346634
157138
248596
796545
167155
342847
939754
113071
338505
843719
792753
517402
965573
761011
913135
996913
655997
514592
496314
513354
796531
626530
610392
855320
148134
761747
455250
101374
116780
153117
377902
592343
108955
311489
405120
300547
686266
318161
884050
305540
826343
948851
114503
824352
256920
728855
463232
670837
843273
136239
296660
607071
142854
400997
703038
529935
250747
770125
823692
752249
120415
485201
861276
770205
123803
449264
550474
606993
162630
645670
526080
953664
333472
265540
853440
668859
832661
128025
986277
553909
289301
971935
706231
853033
782291
718384
978584
201987
446918
150030
447107
401921
637879
113828
278301
939203
439570
763501
802461
522425
921958
429815
512071
367858
314611
373557
877022
782621
137198
673819
300060
704787
745578
536456
253276
324285
125707
226731
583721
944094
331219
975537
732652
413342
161320
298074
120921
555473
795552
422152
157807
277996
913571
218973
874805
470006
617883
767362
298940
701699
493526
640044
570676
750946
856829
384241
295579
537861
872776
754354
981969
797029
627475
174136
750796
242077
757867
113797
686626
339399
179657
261746
631876
948855
786099
631649
885351
154556
525590
895902
638178
251625
350952
542734
153584
386319
346650
711564
910113
655434
176709
684083
597589
415623
461855
365338
600617
221092
415048
661486
827755
499206
239213
104438
292316
534670
320646
439252
413404
825780
567031
465427
106139
344041
534053
891073
699563
574691
596172
317140
613398
253868
416116
327089
347933
966228
876522
884488
138852
580560
411499
598420
271084
389755
133199
926744
121444
239832
541270
929668
228586
159163
182374
841431
498221
456581
829823
136459
585773
998832
461289
226849
573834
791714
963954
509337
845400
687125
109178
585472
614453
916660
379616
854492
597820
516005
552582
493691
878172
678044
780950
991231
690033
445371
903652
692435
122557
931649
353298
509299
486662
834210
715138
476098
111205
521957
949011
411725
234179
664279
701713
104126
936903
876971
514018
229480
181939
148368
452184
720049
522984
151780
706017
648141
490197
662974
862929
982531
307914
856941
898873
860963
940320
634975
957719
108391
472784
926311
420531
542796
732400
184751
397465
282428
906204
806352
974755
471309
152516
925286
703175
425171
699462
240228
714423
688099
167600
303782
868324
488511
757562
689325
791024
684510
371611
613112
308783
464395
342732
337736
788701
117172
835964
523359
941597
684626
607908
828310
800757
951429
727184
126606
671558
544831
958629
898833
957051
462711
454383
152916
559984
884818
513085
819898
768731
982001
377352
572713
147249
981026
946157
151672
824129
317423
649618
418320
599215
719161
850040
194038
672624
628088
807518
306724
421339
855133
339967
399916
400015
585025
399081
145995
332531
606630
614156
194646
935254
472985
373167
410157
963263
773654
530414
782150
442029
149910
378025
500502
318017
692025
222234
628156
493000
487289
718203
416533
596089
359176
141093
847147
200620
459195
839156
642353
290155
398323
855715
333580
807306
283305
895540
216253
751971
533031
536403
336961
712862
653749
953607
367129
931644
460650
367913
278809
796378
995075
345395
933725
895283
678526
954152
932630
617929
705802
791480
166913
672120
309075
551800
507569
519674
779690
749143
114751
771328
242919
547612
327788
731195
889215
523248
117602
425642
324585
315521
443510
681497
418868
329807
239572
410754
172844
769772
465473
967617
469513
664770
315939
897963
500236
269314
755032
110963
998393
471080
926500
839565
484456
253342
205335
731763
237916
636921
479886
628833
140375
745476
685691
702825
823856
192023
503243
282827
149646
934762
523188
921452
108655
321656
817590
328514
492767
689855
975540
466102
898238
672087
431272
410282
548217
845211
640488
715987
325312
503286
947632
347311
588538
385080
213959
646010
406571
110201
982327
327984
400856
153202
118769
811167
443661
197316
956723
847031
433127
780965
222782
685862
633655
478141
766973
160035
233530
217104
234087
747613
926105
540839
338620
913953
893262
138122
467071
861838
738491
686320
614084
460428
804984
156913
655098
120521
917975
922801
319716
102183
429895
706318
214314
450203
936542
422929
653529
745952
472701
401846
616168
674022
519380
404988
780192
734858
995284
733805
209470
591234
364371
735277
196134
714633
764692
942352
346277
113736
584096
748507
333755
336108
529624
460704
171539
208768
621407
131521
536252
639805
892074
689817
984165
963115
535177
577112
672292
539693
961150
980676
909227
407403
241993
128421
327611
433276
791045
902656
244495
707104
782186
751698
422599
291700
398667
279532
884260
827437
483901
900516
707691
104246
360067
193886
986402
340313
920660
879631
461889
595064
810674
859726
912738
482684
132185
582911
391942
872743
955789
626211
887073
377846
290544
471403
916736
688026
124898
663693
542733
132155
953353
550266
140920
506557
540604
663969
555216
421462
391862
880343
188712
468245
821049
856234
511085
990411
964410
297399
909802
524168
594058
172526
868581
208789
788575
686712
226950
730840
890425
752140
378333
168264
316166
632818
362381
163999
479957
909909
185302
703388
361626
964419
404011
611016
189289
502958
437067
904832
884758
381977
888173
780398
536168
233665
186564
937963
319750
629801
845341
870525
379864
177998
739670
697568
175928
561646
295581
428339
325761
663996
342950
524204
183039
611844
814973
645952
310212
645764
919684
279918
487375
504480
320540
494737
595050
448839
965139
251053
980032
141550
778738
375538
357668
653460
904102
788336
166675
656690
898133
325654
995310
326997
974902
841036
128238
194530
356338
303535
964641
501356
445364
241115
195532
190072
357993
330243
480785
421648
925259
485283
666951
922251
416141
263605
619676
542524
886926
903666
536236
197465
416575
625579
486377
440212
827784
289624
598292
862123
574119
136937
102976
993701
146131
323206
188996
562289
583000
807114
544901
168701
114993
108680
613375
206056
259007
600983
629584
188106
701381
644938
841161
438010
822042
567002
493174
955010
276895
996881
970548
438244
793905
429844
651014
558357
694661
971294
294463
926143
208324
127997
915155
558928
177333
262956
290196
375147
613540
576336
284381
426812
731906
167825
265721
267078
405200
515161
441886
660046
621207
314161
732616
922536
800679
181602
306214
523581
882876
947259
828140
722135
939395
407655
983884
189088
463538
455613
103609
734520
156950
759837
789851
832872
826020
484899
568532
577002
481651
883896
964570
962116
750977
773261
575351
444694
327688
284634
284591
298182
367817
135394
119432
417994
147263
744726
582642
731697
695027
763026
452900
110201
931554
728070
641478
232151
563644
193334
958795
904822
485364
845048
109843
819447
483392
480860
509215
369376
427389
341668
566691
774619
793396
284967
482443
388019
581662
365143
805711
721389
376252
412707
614679
192107
883458
756891
893410
255713
329616
517747
168315
451383
954262
848069
225781
961965
781977
233105
133309
778077
535469
106580
993611
770679
572502
855090
816797
421105
356045
464953
886221
479793
811689
758402
537783
478681
595383
611301
466568
867017
174536
287607
730894
384746
787857
903717
655727
658739
220085
876618
421992
590401
198844
473587
983661
693811
202835
532382
191683
838960
456776
778806
733873
847924
697373
590147
214885
491765
171824
809838
957784
667656
396127
311709
295401
288662
388952
165063
576286
711225
247308
705864
122207
239123
542014
107400
352562
658589
221686
700277
928271
714314
583709
704017
865070
652421
598520
337618
648110
997607
151728
431756
820372
864695
694784
509625
950273
802749
137181
536362
968702
588103
740625
784219
495767
685337
789129
575312
712363
386968
182891
536619
151218
326913
996282
665809
460906
625070
279256
329898
969868
489304
984108
218236
544090
482349
136543
546715
964711
849304
402286
207732
354443
697490
943390
672996
319132
781915
914251
984212
589620
309911
482642
152152
812585
471068
659638
502360
292918
771555
776809
527642
789349
336481
977132
907091
474496
394585
513387
608911
645716
940482
813749
205656
372546
588291
254678
219186
350780
640458
996715
143418
982570
225221
773401
644947
512174
120571
581460
584032
919791
325313
508456
326097
531000
658887
509504
233830
694789
800357
500019
583839
814415
231523
865771
466282
409562
677298
140397
459918
203917
153541
966455
242296
961985
628821
145183
904718
830602
600261
124288
940150
960047
687963
618567
180616
899984
650575
765634
920446
557359
320067
560921
880715
988461
279458
868132
786496
167821
152474
260614
420771
149154
565754
270776
908332
462477
915105
802228
919838
944972
717497
771161
194570
254446
811258
668150
886526
153097
455835
339147
121997
455227
598318
510048
418538
611247
557958
104076
630411
296079
626301
466217
782935
137175
231319
165589
190859
413375
289107
542915
645210
524267
678119
818408
483931
416414
282358
718826
466221
430144
639413
855735
417697
583605
854015
243716
857492
295701
911614
349067
865489
134486
410406
937453
367203
249036
522356
902540
837902
302150
842835
466764
345008
799729
887755
173165
501749
342064
782579
193540
457050
798969
904403
435806
741838
701080
347310
213241
104242
154802
615760
359022
329294
703100
519608
403366
703547
772353
265562
410926
403778
669515
402645
416931
805854
583810
671980
597605
785171
919586
334856
924632
375111
601413
907357
832973
975932
393169
439276
413608
211541
902074
513489
423405
370003
490306
886380
129624
574574
157994
818228
412863
456622
936054
610617
720292
133835
710786
623642
958368
569013
998197
878277
705844
520678
582672
133460
882598
914446
195510
355129
300282
724560
317756
214727
749423
126867
925518
733626
868871
981978
803583
961466
617726
506364
303547
580532
694387
151867
768647
776351
874505
405346
412711
907232
885951
145834
676907
548658
106960
580568
732014
190007
935273
861808
316191
166785
910258
566537
384677
492314
793429
404875
511316
877409
171737
818721
746099
459711
624536
965194
972484
996881
848231
950397
839712
586955
658461
328601
130908
976933
876013
865923
438522
232776
309579
765409
729804
575688
838067
787435
800813
147797
789114
789753
999227
304854
165425
720938
256316
101154
796207
368916
836997
827010
910196
722329
436690
128527
763323
667830
704000
613244
646982
848998
790587
505293
612804
945645
695286
933351
923365
596751
603215
698611
211681
588736
860044
339993
828613
894767
549901
300521
599911
192427
366830
321652
942797
309062
478221
311547
588704
787344
383603
623982
288901
545089
147292
498269
971189
261975
976321
632565
465820
229696
575742
501793
433938
777940
474624
878785
375681
152145
760812
965932
610723
655279
893282
985901
458942
111538
757266
137819
191836
898676
890350
593934
706198
547577
395156
607347
116776
970567
443527
848401
189349
803397
323251
930427
663343
326435
644864
644559
526095
766080
956751
604976
346879
659934
433842
257484
418665
293515
402499
850306
533228
202429
506981
403330
120381
150716
718415
972322
659405
703509
710997
463657
541334
861649
777803
215355
851640
171393
874910
521869
681737
299768
510772
262157
119625
935232
336278
171547
400753
819122
144844
432454
822528
881303
772912
643031
769015
233880
312070
670561
786121
390739
741181
848969
844339
464277
190148
942172
847007
439772
494298
720849
739254
316686
424752
100192
982735
954480
493126
169631
464324
557221
629101
604318
114336
677343
846156
802609
540791
508084
784599
238664
870339
651791
869939
860220
736848
963573
848253
595243
270045
381285
428841
423924
117141
771998
812778
444340
422749
676755
534722
859795
314243
791622
654371
823237
158808
769152
299460
866720
835759
200069
148823
462216
868780
802111
538610
587610
790310
953016
200544
140777
199198
103149
121328
823790
545835
955156
498668
862878
455481
781400
776868
136695
656400
784424
295869
707185
199758
665128
917657
816660
668243
306121
183592
739417
199120
476686
126840
243707
351650
151420
338248
876573
734538
643328
512770
222266
240716
108565
116062
948308
619372
674719
468896
676367
659157
534743
768607
805953
578122
716869
301652
369109
541007
334898
701442
561464
651247
786381
620208
968157
376733
329615
415139
994474
350961
168899
337095
682675
475587
898566
210944
627503
982690
468805
388671
808268
722438
822055
329855
950963
548571
481670
925870
888458
914393
522416
261041
602966
809234
542805
642633
213013
144156
132666
541948
917311
260677
805884
216921
430934
471988
361020
551049
177867
423707
480524
126117
913766
522507
867610
861002
242628
615023
839998
807026
900692
509874
277656
916360
945399
447534
425092
590884
512057
808073
233571
364560
493322
673461
226176
173836
610136
514205
130132
338310
971966
108070
602781
618030
324466
252466
211758
100551
493211
170213
548977
751815
600048
601631
678471
222289
141833
321493
636098
960212
593299
157997
117264
400529
389332
365753
301933
487308
668693
771919
949428
511983
857961
744388
664865
912529
976473
894953
750719
305938
984345
434691
620226
272132
833089
556260
450677
793128
872306
894147
597930
767691
833275
980944
342958
368514
947150
481491
281697
252295
254520
313724
703123
826603
414736
602320
356173
799195
617095
940712
147216
215146
497585
497385
151565
938305
404829
526635
909548
212913
563289
797828
368758
126946
302391
392986
942141
417939
265997
687153
810917
711848
507860
496751
753605
971008
289979
949146
881150
356896
542767
450660
904980
683252
267568
845742
338557
769840
691218
230127
472956
599295
133612
868614
602734
694811
196104
590429
863406
661975
739705
893288
714774
295871
721932
403056
472911
309777
318570
667673
116755
857324
843377
849246
507157
881885
583474
529402
372747
274247
491163
675027
567784
574705
368709
944744
687042
958713
945620
596266
500267
107678
948172
585138
311855
697825
660857
941536
542344
179013
122362
138521
517580
290631
574859
313635
837335
965046
460735
888362
303768
440255
266811
100330
671434
687423
764575
413344
931253
564734
835106
706428
904148
270260
108158
339794
418875
441202
207638
108551
678983
765073
954760
981943
351591
845661
523681
466592
538837
268290
620058
497498
270944
111700
845819
325303
951732
436129
691072
603034
218304
561868
196678
855221
938443
334430
939246
437052
541084
917636
939850
537128
963057
142193
303272
963564
605043
143529
882552
169002
455725
918079
905384
499610
238196
991090
676107
469039
691603
818698
982403
550176
175856
819312
833971
759588
161429
514749
333524
307544
909194
710793
961618
637077
702338
682051
362597
210245
719892
629533
160308
609787
876830
898047
419103
398977
937422
137063
464071
910105
125081
779116
940188
835229
981421
244326
420732
855508
786664
469516
231382
304128
882742
247047
353659
501159
307917
348833
988814
247335
513713
399985
489721
763532
104481
794887
396880
327053
620318
642545
116922
426035
755896
668541
980533
631462
144998
801114
842737
650567
781792
676949
627570
283408
494177
744101
532698
805271
787167
974484
942276
281164
235360
761321
344225
225738
718005
725033
498962
277325
225012
179628
539144
899216
786594
840378
871393
835131
534167
161730
921017
633986
706219
378294
694756
792773
719960
854159
339451
184934
124755
266218
871213
300405
333979
926662
850633
111370
126995
626922
902872
614355
497528
856234
253214
971168
115590
870910
880730
964408
477578
186856
913998
307035
317364
122836
445396
372716
238873
654558
313740
149849
608875
894035
417042
222064
544372
279216
733040
936513
649571
556425
909312
143728
833292
892411
322010
652620
168919
491263
269408
722955
313645
459265
493890
895420
862506
591757
735063
750442
421972
487551
530214
291748
496446
584749
514496
657643
738653
574902
225089
930747
418465
699025
660674
463676
694640
903340
881670
332666
565029
129814
745798
842162
419242
461069
616135
156848
588259
524556
938145
143581
369827
972290
188082
198935
424595
481162
979005
959170
406634
846425
337304
634291
511734
228505
606300
852880
709538
469274
909548
479969
402113
823410
861857
476194
830097
791178
294421
296840
717771
807583
794473
447668
426230
661381
571858
552569
484715
503710
248861
449720
261765
110316
386593
815295
966758
706325
923057
547462
535492
616459
191986
308903
169395
448092
701190
851977
818641
834934
971567
709525
733319
491410
863936
132202
159009
377172
432844
991993
535270
708747
505303
499413
788851
651638
908641
797092
602575
428176
325713
980298
465626
771507
305356
521264
374268
722273
915417
670646
176596
213207
600160
636352
238203
112210
970279
923413
307195
426748
643363
309962
794180
928971
313478
330924
438076
457286
662419
701753
417305
430953
407716
797879
256114
958667
215199
655635
576293
808055
502592
725382
828757
865124
129011
594775
285156
563651
101519
871446
498022
858423
507055
827027
804281
588571
738540
568017
384145
803647
997308
138634
609421
583526
928613
608685
595836
501710
716351
200004
294701
450445
675982
227816
608212
869158
739976
406102
736550
538218
984108
123603
251093
917608
899658
167128
370103
290371
459403
839308
675641
907854
831098
766673
174562
300459
283165
836524
422195
777528
944944
752401
609932
309032
536180
141651
731686
809490
793480
711547
880881
347530
166675
447088
353721
355280
196138
857144
492017
810596
413256
896901
123095
115670
663666
638676
268620
834940
417080
789377
500854
886341
961633
713372
190006
306811
479388
259312
689325
364903
746263
475468
631157
447857
154048
863431
950481
682800
820721
519240
764827
541975
609485
854379
294544
123624
758746
359685
317744
331721
228767
539989
995352
353417
958133
165965
373967
489427
794885
212679
528761
720564
280703
240964
784361
472284
616969
675523
162665
659538
816367
197164
566176
133883
333754
352142
515510
715522
741870
251562
176725
110261
921166
635201
303441
354266
995433
523254
856719
308635
468854
540831
658316
463974
147227
685769
649132
703694
452219
467855
663509
808033
670079
486207
892097
548396
382576
924685
115348
981709
926757
491621
671415
706975
529749
178952
723702
107295
882597
412497
373510
670930
249084
380674
419029
720133
134216
434660
170035
417445
915767
704113
598689
825382
180401
412553
301725
479900
307481
266457
167875
925073
194775
104827
823721
220258
842760
208010
379059
629032
116631
181651
576148
687683
275226
763083
958644
210048
783381
240501
253290
574550
803048
812243
159045
945748
300173
583838
632688
639082
851390
513006
559467
439164
669252
760326
525558
619760
509729
497052
950545
900359
605492
172611
422366
202423
968575
793378
365737
450749
152678
642903
539661
372365
137698
496427
731436
572741
604956
574437
435375
996644
930906
508207
229055
174597
539436
270805
580859
534798
841050
121761
893307
236871
819613
365067
782961
152089
643847
438919
101721
626488
167297
362665
818257
816718
800706
880552
476704
889155
563365
504483
180581
841274
710402
847958
972552
336750
993572
708567
351781
536090
140850
130031
601524
588068
100758
920287
597199
581840
814004
191926
911538
981404
146461
697684
761116
576863
465724
315131
367898
798817
707789
510220
672389
852409
162536
818990
370091
646773
601018
393925
960550
635160
625713
665779
254435
600029
399147
864381
902341
459664
761340
950807
674274
355651
342064
855566
936707
429985
607788
353592
786548
418585
598477
239120
519948
388213
273452
171372
831450
299643
672906
641941
659706
105180
114361
258901
836370
210803
292236
488059
279144
379211
380125
873284
350039
398179
857820
895948
666986
177690
397085
638463
398592
538884
862261
536845
351841
178743
636679
127032
528300
527816
846676
600216
486096
165161
572550
356369
202807
459718
493619
468109
612566
332951
289506
202304
399048
201154
510318
585482
827066
491389
477270
990161
292749
237706
143387
724171
459121
485150
412009
651724
861040
405116
629763
954459
692977
243898
343020
604520
491252
457810
543722
117841
348471
121908
809208
328449
341930
125497
863183
883348
468170
287047
459738
774858
882786
378247
539580
451578
247109
851113
365828
852822
546747
745080
433969
124586
798987
756684
227807
999177
896471
754901
783880
300671
989971
213556
102101
560035
871826
616134
301809
635967
870797
161603
571176
268046
767341
742210
385416
574969
976385
223221
199721
949378
792341
673131
764027
487068
693031
879118
100715
750865
356832
497384
817032
992661
715374
547870
289328
669629
798264
748127
992245
735236
334523
193254
731809
423583
879428
260441
248704
984277
559069
674597
590977
613432
560334
716096
116951
555863
549320
726903
420815
410336
138988
338125
917365
762116
755805
500908
281009
459869
257254
138318
702180
475761
350051
706704
717359
699762
881353
179650
199300
524797
789395
148945
905273
361854
162848
954770
765587
235511
737027
920504
216698
176191
665420
668774
578926
637065
671879
597466
537736
127735
346993
255486
515070
949554
418017
347678
486239
650287
824282
962913
675596
496299
622261
984775
701255
553238
391016
799567
300747
507355
337548
748680
242386
195608
868848
365084
998333
625566
165604
377285
385577
813790
548134
865674
903677
382460
257459
112246
738913
321024
152335
586777
119337
532282
557187
770727
578038
887436
602280
402598
939380
275310
675793
395361
147444
541861
444515
454426
181482
709719
474662
689475
150755
987657
966376
435531
930665
705452
356359
750463
460791
248767
867869
358868
620720
648584
119124
791877
874343
776918
381968
777518
837830
513524
477192
372555
250782
875912
708006
101032
314870
115936
627857
104875
479294
946797
994688
620177
231077
249631
445974
128475
725505
334117
149762
842767
943370
564621
674828
218218
700957
230812
100989
819333
345924
912600
863618
618958
428946
917825
181218
307380
631127
764607
960823
857894
420485
267431
279037
201184
575650
954292
888547
178318
282030
134319
399619
305538
551776
275736
588299
454381
385275
457898
773833
507382
169673
138136
259525
755891
643355
886147
762456
175269
621541
576246
751355
645947
648287
310675
237811
680322
432458
156317
307053
463379
379571
998733
397632
647404
833735
415365
717145
847914
429876
122923
693825
383980
248470
372298
529211
203317
116516
786510
315644
980237
894108
307476
685564
808473
639568
151082
683050
132515
911809
405370
289981
211909
452102
252957
193640
184880
592281
754532
458680
294206
298244
927448
414973
980981
873304
578440
822390
144349
889390
439964
192885
368898
907085
750111
897980
537756
248773
484872
696341
767880
761976
391423
171324
813598
547188
969505
459130
812848
320509
825787
333427
534978
748761
754479
111726
740639
800133
939328
896430
163372
254384
195351
598389
409902
138225
918611
373351
342707
350285
253486
297664
736875
374918
696860
584406
161321
393504
299314
281342
561741
760790
370551
449359
271270
239135
913492
696050
532057
206776
765037
978381
180424
718733
702485
578138
961821
148958
207624
791433
801232
550962
705441
568407
639152
242414
737528
802458
878065
640994
418305
744350
255276
214631
359347
321254
928852
844008
324174
498119
145249
585148
435206
923242
642010
459338
660164
154008
959601
833845
288150
570982
289285
900058
292214
481409
361196
211118
933381
432774
989373
374607
129204
892586
440527
810608
759832
634379
404858
669918
856948
210645
328533
480599
967009
236285
459640
913779
887093
798962
684687
127209
469269
956711
465955
488268
715526
869632
329531
546990
751023
777914
128651
390681
418579
952135
356182
558127
127720
920248
181971
968021
226454
435550
957462
187110
278251
963289
738926
349987
760984
706233
900846
490751
654135
615127
434777
197071
472204
207683
269522
503682
530748
155842
535643
872617
680033
662284
518317
588866
570736
177686
502432
839440
324329
653093
852480
928157
135749
256231
342770
152869
387436
486016
474239
375067
514382
251514
344210
538982
454235
498027
573031
751340
742969
506560
472590
943209
561417
293478
492668
714549
361990
349089
798639
892449
754403
802026
935174
982673
405245
236172
212487
538714
237096
712346
710876
657069
395513
689381
644262
960597
918288
850092
637643
179205
354711
257439
541688
764144
880659
226590
105647
939396
730031
948785
554344
128436
989107
696835
375951
953185
261656
976633
515714
317712
747069
867914
785558
815335
481924
328607
188141
925796
619863
460051
431264
448691
691185
293659
717367
307643
185989
539004
385683
404643
179050
582016
981622
692079
303333
159971
316442
417371
840652
363377
636940
543370
738903
834475
538487
102933
419528
500183
671485
551042
733094
359078
610928
757883
498308
151779
315042
508647
304454
867788
141556
187160
155760
338250
514875
930871
804943
405945
265029
251427
509168
974993
109998
857948
206624
252509
631909
505988
190441
973708
121182
387407
182964
662489
827378
972430
165007
172008
715237
224886
184148
456776
842356
501487
447084
846468
944023
461540
505616
711199
338586
619393
751357
717694
861151
340129
254257
251425
354261
979869
218982
124446
168799
353219
437904
984399
675399
992951
213158
457866
244989
342179
828935
824558
200076
122344
955749
718188
426565
886858
590085
790556
478222
764974
920611
135419
188808
960649
256427
959221
502108
375635
351922
624737
747980
392153
629398
825018
683138
617152
201141
271412
953125
915049
194893
527694
243678
634892
444090
228402
285270
233465
409458
426700
151146
291702
843227
695871
948500
842553
276113
674485
122855
737597
410531
354321
954409
268074
186201
144776
787050
831900
170509
955527
601599
217060
213095
170520
807598
808024
792823
142642
986670
630936
587222
846767
220813
403991
129673
470475
497177
227451
841266
580836
990774
969057
872567
367434
800803
640936
507670
367371
474886
830818
966028
939854
195543
248331
285183
184390
276495
833086
976700
611122
678792
320055
694109
767124
790593
306987
545258
135587
722407
582421
955619
993198
710113
358607
708013
468024
596037
791963
708088
159754
745446
790577
176770
265348
405660
416166
271035
175994
307839
608854
290944
282101
111671
377851
715079
374265
189151
720631
573225
334724
731097
396441
133387
788134
156681
417656
303377
668125
659379
774599
131629
205003
812822
587885
930781
635325
342715
256057
435536
504716
962299
317781
826964
251691
324024
313344
619319
441354
332330
683231
398427
505067
582695
869395
617452
151669
460913
504109
375065
405289
554517
638236
382561
872969
258824
438722
909123
798124
763871
648322
832949
604800
645923
922729
966807
955979
239453
500009
208934
818109
775683
860881
982284
857805
968902
662088
607925
828297
541754
195525
170090
923706
757510
795847
223134
610343
667437
538226
997853
716613
864384
585303
322387
163231
848981
427400
662393
621799
100400
103016
242983
911560
468648
841512
486572
124866
969635
824484
333416
966554
481106
134325
759339
545906
276396
780628
833371
967643
979700
792585
316265
220769
954740
309502
408103
465299
609591
462294
287821
498977
129654
326708
404159
343530
685970
585366
824080
561225
996301
464926
831162
783502
430488
496056
733226
175040
369948
604331
245119
766287
267629
953443
731885
201340
980569
927457
966681
495711
114128
461481
832948
951743
896207
298723
226077
810381
821124
447933
571480
676868
811864
590616
372581
575230
593118
698436
328747
604348
497567
528788
363482
646687
335603
429973
623344
387243
260689
828242
647356
845081
174798
578086
642967
436234
955947
650031
519140
781324
305232
476589
848205
338466
282530
996335
483143
389797
197967
740323
892158
358806
762570
859319
712755
378029
118829
679823
361967
447393
785806
823757
497734
969768
242815
333794
909781
512662
905935
974295
602127
494384
829405
672870
383409
166589
504480
624771
814662
452345
263370
546292
864424
518221
360351
236675
543285
736104
729937
227925
988286
937796
855334
799707
831528
586274
328621
907050
683884
295821
137773
503542
633531
395423
734637
443991
136239
495380
858780
292201
438158
573053
522744
560566
111532
269276
718809
260025
139357
362126
995183
394196
825514
230368
374710
165526
444201
924933
336112
312711
542343
583857
707759
822210
315045
956342
184106
496072
458938
912927
740529
838960
573258
667702
415888
808689
779628
917452
403054
365557
987561
161770
551609
172914
464046
328457
449421
200311
798224
170695
662811
914189
276760
312460
910188
516544
122343
575743
166193
235453
840841
331934
956273
210789
527296
554782
496466
817033
459328
911936
961769
419628
928042
511064
980380
573998
881194
631649
897745
624736
950957
487643
503448
873626
564524
839518
288277
450733
942557
743323
248688
954329
610690
462730
926228
623857
579371
922405
859328
865229
546031
384759
624294
769960
493323
552900
984584
652443
127227
714560
280943
131162
137124
963054
414567
701470
326148
856322
707824
568426
723194
844080
469360
266138
710882
820062
571607
179307
411281
394486
674440
173352
252200
790167
407275
658619
297703
743033
254518
377011
412689
545690
212829
512026
749915
637766
172932
627360
329559
567317
693680
666914
196920
488396
928216
897239
207786
996329
674492
378930
170994
262432
562883
325147
845344
278125
143546
517924
405474
591679
982395
263352
784394
799129
846323
476091
455946
248841
599713
310111
861275
597021
304478
225365
285110
932704
995226
639959
688463
434705
178349
294370
671819
634055
547670
976555
261088
730034
166376
162840
851496
366569
872327
434752
317497
288463
668109
170656
503258
761644
316867
502022
985418
571243
453267
350765
930225
714767
137037
831827
119656
395155
707710
310305
889203
945125
667661
241806
413848
606397
482341
145806
486464
100270
988476
568813
336736
351089
396026
338839
126102
165114
504860
148009
121552
411597
176351
836456
354590
731001
182973
132506
387153
408107
510924
892917
389977
894035
906398
665898
712956
848993
369213
251525
114403
939268
913015
596659
461602
499514
111827
688771
403431
492408
281097
963689
922714
358747
231911
574036
974278
380812
308451
341834
428175
643562
438828
993556
813609
718022
812278
202041
781027
108623
253932
726931
727932
136502
613365
388045
578690
855736
685216
352869
886798
874556
345768
866410
584531
215009
902512
266409
458491
358378
519556
140386
474782
845829
499550
187007
513177
554803
234308
426237
259362
853642
863080
941771
883939
448832
892609
437671
165254
326798
237572
818605
664340
412064
915680
872592
107541
881549
622009
885438
827230
416630
139025
606101
726933
319759
450709
756768
803808
499469
295161
414571
458090
233991
886047
467971
172123
415825
343359
237335
634763
956588
391778
529926
927882
608270
625743
687705
947247
657631
993536
349525
843813
906796
827454
583812
656626
776655
899561
281439
945289
478002
921485
654215
531538
856095
964374
266325
356436
601128
293044
793270
199710
393520
228467
202012
735695
143022
686310
913670
564101
186823
819868
948902
317479
853703
628150
697651
865790
859444
682907
805835
467606
158276
210386
835114
595601
836388
537354
639338
440208
235075
561218
864883
760531
131364
653972
682080
687903
815909
980128
170650
827216
903148
918279
586996
408727
744780
859060
263701
634955
600787
690987
758288
508112
978395
257938
241120
841872
903527
731389
797701
624748
516969
408485
106620
574302
309433
218259
719548
528121
477251
527260
407833
834265
883466
883330
706668
435545
132217
933564
291093
922295
379337
330655
173286
541890
368597
527553
647787
245737
729455
396183
621206
474117
965513
124867
772617
659922
878453
894573
432760
666792
907265
600080
236415
415945
496037
379918
921011
247713
434962
766507
439058
156576
833019
707169
344135
649947
376239
328433
127998
362045
509966
661647
675153
675327
653486
485905
789653
411627
485014
645058
454162
942585
374809
849008
279214
333266
154437
968237
469145
398447
984096
182167
362245
359063
831819
457077
488853
831066
476954
920266
789625
440842
585930
741763
279886
117584
262010
972326
265573
438111
479790
736310
659239
425711
810083
940689
337095
565346
305486
454176
766648
981094
652072
351244
981647
517361
249895
508413
429921
540159
982468
814390
243614
386597
942653
422664
501422
178459
744728
189609
631797
980656
684530
432581
723533
568338
387700
495527
718658
880884
507581
149457
135089
274999
995457
125111
710773
361647
690509
506460
173698
484471
561049
254609
745809
661566
734877
468694
602783
888823
613644
321746
628485
404008
743000
192129
304208
797287
631056
197790
887794
591006
952479
170358
533517
112326
918266
289643
796627
660822
478527
288876
180641
816107
545674
721383
789291
891485
727249
391196
730633
572743
574629
954645
599838
802445
388897
624582
795843
447586
737559
390411
820957
293925
826398
292846
863572
417294
169696
625146
224930
747221
844062
477467
258784
623745
743306
524092
962856
678285
209105
837912
857422
514306
171848
580109
503201
210185
107785
970324
446908
909610
479772
428772
167551
604513
476453
798887
144329
289055
997624
658353
510478
987135
217156
770258
725216
228749
358237
164817
594514
348196
616735
231980
761286
846138
691570
584207
574376
280231
744970
806455
862569
968139
345202
352187
853869
682921
710066
582782
276229
308468
244952
814937
949974
128791
807658
733221
702444
632936
148385
141276
270768
134963
409733
575274
314212
806908
692200
780310
328339
933534
582489
387567
944234
374732
662793
167127
415941
477016
263196
603508
154857
212760
126456
995103
732392
624111
903442
502936
803831
154249
303197
131151
901572
287947
932878
502467
469993
148047
277695
691844
708206
119747
290303
678173
610987
525369
547570
949024
240805
176256
642309
673468
243985
244715
619508
850409
630920
909278
866157
947483
346659
686405
521277
396846
754915
679728
812114
528200
274845
306898
127686
770539
159718
618792
927205
258082
410830
193028
257911
789574
694038
691903
192993
627160
498510
773637
921523
268558
402964
671686
583418
161501
565971
901908
701463
416767
269883
204504
785073
920130
168136
347024
582879
299001
577609
818900
708051
607118
429793
739007
673767
672530
554951
947307
553133
332527
435014
404630
670959
518876
373384
621362
476401
837479
699228
750851
634776
116598
915870
647645
359978
741300
856594
383536
330474
957558
394708
843190
849904
791544
638356
114165
575350
619272
649631
100041
984132
177383
823157
691949
370561
195799
245864
328795
469919
950691
685467
959593
853251
741177
708849
411934
254940
156774
339947
514763
323867
142136
122690
913739
949925
851357
643334
687894
118066
433579
676417
955260
796167
494176
459813
703473
655659
254632
968085
520051
811491
265054
879982
532166
744883
754458
767526
383925
332524
316896
839295
628420
922081
695943
814743
754901
422675
663155
151490
909066
273506
854696
522744
738812
550939
465554
543117
413127
698446
405620
456049
657211
717827
274811
404225
935688
524831
705067
839879
977737
985525
136475
749963
506389
556824
695325
995615
142874
830020
162037
958627
579825
296522
954609
594052
103330
503673
423335
979641
688292
348365
746082
403827
533270
188095
189289
594983
925608
727221
866461
206047
840503
445314
509730
608955
608385
452970
349509
662222
252991
590153
681159
662843
853779
873646
252087
418754
212868
652522
845967
170103
602024
810865
815177
845256
890055
424598
807037
138114
688279
386620
154372
183156
113273
746207
193776
544843
851737
434374
965131
557152
418744
419922
457355
419856
430885
838621
699085
666139
441860
999181
206836
457610
301473
853735
872350
278327
705683
401347
180649
382368
774903
487484
149679
919522
653035
546452
938796
358841
331632
647482
775068
792790
965597
238254
545017
643840
294754
315244
265842
608329
190569
509959
963990
190918
104623
583786
863580
320275
443120
743353
413105
970493
857967
612850
887428
391515
561223
712063
716741
961387
785368
309200
386483
949732
478860
870184
423763
378423
412704
382120
393567
775848
216996
236915
743434
611615
116036
364103
327898
218087
907904
589913
420007
327252
177906
379560
349125
708658
325080
839290
191172
691356
723680
436841
423950
810741
906409
120845
368130
761874
110759
862098
442496
257267
360772
311277
261951
896360
638622
254361
872002
466039
278487
956944
647467
534022
915314
598117
375636
393911
667158
428729
106124
789567
577960
998968
801946
313459
968592
989798
497788
795953
991881
662178
127312
443746
237460
617685
144515
190842
690124
771263
828332
638354
342626
691125
914128
461133
244366
820560
647308
934338
168978
707397
653363
855125
175483
729091
679097
788855
612862
174622
109346
522911
964213
339480
813856
416971
882482
143725
904067
233634
817938
687148
921754
423743
698484
978422
192312
258237
846989
493749
560364
563559
540612
176140
864973
233061
596617
426521
465538
776624
387137
946714
749641
617047
710622
239310
971967
437541
792849
155366
770381
808298
938666
657248
144691
200463
490037
904839
670463
434921
577895
933593
602046
102063
980963
553196
213443
979062
189857
578348
983935
975841
819291
106211
291343
578383
689553
502084
208103
653380
289576
378452
447233
103799
766193
769641
740670
918064
572025
823500
443566
509537
769732
622718
471666
646356
809328
371901
836983
642619
262881
109790
639596
613940
167863
554465
823920
597974
725637
583730
319044
522123
696139
411716
369478
634637
703944
490211
670799
605190
502184
458426
574520
564659
833914
466646
952584
729220
913823
640963
883543
119217
748190
883936
934511
523741
166053
819864
108116
700879
670057
622262
937141
192155
524404
189895
969193
887139
494278
138167
656945
392656
340030
431670
648171
374803
501227
119057
621519
251435
760195
476437
786128
854751
473154
108638
955367
854788
400997
681101
522756
351509
216244
326310
936580
327119
223344
888639
175386
325268
318575
242906
209233
303044
326463
984730
507832
267715
644711
471545
966918
601028
136442
654615
150461
669004
597234
208403
875781
784163
453339
393226
931785
294171
741879
506261
334926
634578
482662
999236
784122
167964
353633
508242
149455
207609
364431
742616
817678
148266
749369
166942
677507
533678
707506
878379
543015
212822
616845
571214
301260
317241
159193
740113
606587
625951
656799
814409
455890
390926
983925
926247
143233
340281
715890
820880
891988
768726
762118
214948
949094
627325
704711
246484
842936
320558
197086
183339
647958
698360
952264
168790
535334
743710
338255
891900
464983
231954
258591
420650
653392
376188
749023
883597
866228
199105
601032
285867
984300
912537
621804
615380
419325
914019
336037
217696
921460
289123
169933
454483
619382
315214
339000
254459
790119
163719
787083
506642
683097
851638
510789
905790
263376
447774
622774
399223
715775
637258
525809
303771
411921
494077
120354
119716
683488
846055
132114
214997
441979
694514
771536
853225
973560
628258
867369
900222
227472
840678
695878
137181
547780
813650
101461
220408
320177
835060
358057
813805
522364
763513
769240
967265
189045
871104
770047
582737
715707
973565
650854
125210
807263
523878
932108
780077
360447
537954
984916
552731
804527
758984
756550
815478
385192
888511
287987
547176
652731
415234
811362
988410
342720
701328
893999
353370
243834
566261
138167
456218
452076
330546
989654
201096
884177
409455
406982
989533
987162
309574
206522
700068
649609
268881
919495
231166
994055
972866
213402
524478
435624
187697
282507
667042
194356
966978
456843
778387
797944
735283
242179
856983
261038
684673
429307
634282
979860
370654
665110
607849
698381
190083
382744
473810
152203
764446
908905
992065
293934
368317
152934
193071
809563
488267
407651
395897
380958
723437
493375
355255
841590
167032
420666
707831
737210
881695
557257
677037
221471
702766
781557
949025
339519
829369
300294
549471
146504
451461
305990
894006
917927
833510
202372
158785
736217
127539
262017
400174
773374
865379
806398
200197
914594
191863
287249
959683
385976
289627
307337
791217
693065
454039
906828
411649
385929
395001
163400
997539
140693
255674
991052
330750
152649
584479
666562
871149
574327
461576
136783
919380
965523
952829
556185
386938
796809
476723
778303
919284
896617
970808
118265
980270
974397
327931
169694
125274
876940
645544
129518
115295
252387
707899
983765
641058
676751
715016
535784
950068
323231
918643
283750
685941
202222
641656
497269
548156
661468
911985
567822
761432
516015
386056
411622
420078
155086
367455
886544
710431
946715
440182
610738
234116
951230
320857
624230
692398
653506
640684
734681
942931
379241
300629
973987
194640
760580
141831
439444
661395
712500
655071
874686
809720
853275
568582
581755
842851
999379
646436
690356
197134
414462
292007
840862
578054
470284
489837
662986
283906
498427
376218
518264
215413
635876
950524
614734
660258
918206
136142
895170
840047
152540
305818
329818
464464
702767
217303
198167
115150
350003
209545
719992
238933
860334
890018
552848
452937
520812
914286
490443
896410
963512
478876
118809
335405
674253
440886
712023
281567
114864
205555
709550
823861
489519
948676
986875
269612
630063
129313
888870
916087
129144
918093
371789
867117
457178
761961
284681
352280
384179
891512
609394
889188
855576
400733
514352
515656
714012
300709
966278
437819
931566
236634
729308
720392
254656
547712
124242
900549
644991
808539
498308
492941
541255
684718
900264
196329
633724
158170
774170
332384
955022
354998
870531
351957
835982
635766
969719
163974
201888
186040
514665
941011
219132
922163
106948
233847
842769
953551
587062
549568
919044
796378
667222
207839
268493
430081
478382
664608
411346
708395
227933
872751
309560
887668
613062
512449
868960
970964
205769
479861
694584
816168
193223
497619
481434
317986
587598
132545
208584
363373
893729
948709
486124
385194
694485
963428
169011
264382
218968
648824
253770
638210
530000
219511
176742
218716
925524
400254
161812
440374
360323
562499
897596
113780
299278
529298
723804
